x <- 3 * 3
x
y <- 3 * 9
y