y <- 3 * 9
y